NDIM=   38, NPR=1, IPS =   1, IRS =   0
ICP =  [1, 11, 2, 3, 4, 5, 6], SP = ['LP','TR','PD','HB','BP']
NTST=  200, NCOL=   5, IAD =   3, ISW = 1, IPLT= 140, NBC= 0, NINT= 0
NMX=   0, NPR=  0, MXBF=  10, IID =   2, ITMX= 11, ITNW= 10, NWTN= 5, JAC= 1
EPSL= 1e-06, EPSU = 1e-06, EPSS = 1e-06
DS  =  0.001, DSMIN=  0, DSMAX=  0.01, IADS=   1
NPAR = 7, THL =  {11: 0.0}, THU =  {}
RL0=0.2, RL1=3.0
parnames={1:'sigma',2:'r',3:'stable',4:'ds',5:'mr',6:'mi'}
U={1:0.983392,2:0.309017,3:0.131275,4:-0.809017,5:-0.90226,6:-0.809017,7:-0.688902,8:0.309017,9:0.476495,10:0.181493,11:0.951057,12:0.991346,13:0.587785,14:0.431193,15:-0.587785,16:-0.724854,17:-0.951057,18:-0.879177,19:-0.587785,20:-0.431193,21:0.587785,22:0.724854,23:0.951057,24:0.879177,25:0.0000000000000000612323,26:-0.181493,27:-0.951057,28:-0.991346,29:-0.809017,30:-0.90226,31:-0.809017,32:-0.688902,33:0.309017,34:0.476495,35:1.0,36:0.983392,37:0.309017,38:0.131275}
PAR={1:0.33}
