NDIM=   38, NPR=1, IPS =   1, IRS =   0
ICP =  [1, 11, 2, 3, 4, 5, 6], SP = ['LP','TR','PD','HB','BP']
NTST=  200, NCOL=   5, IAD =   3, ISW = 1, IPLT= 140, NBC= 0, NINT= 0
NMX=   10000, NPR=  0, MXBF=  10, IID =   2, ITMX= 11, ITNW= 10, NWTN= 5, JAC= 1
EPSL= 1e-07, EPSU = 1e-07, EPSS = 1e-05
DS  =  0.001, DSMIN=  0, DSMAX=  0.01, IADS=   1
NPAR = 7, THL =  {11: 0.0}, THU =  {}
RL0=0.2, RL1=3.0
parnames={1:'sigma',2:'r',3:'stable',4:'ds',5:'mr',6:'mi'}
U={1:0.809017,2:0.309017,3:-0.309017,4:-0.809017,5:-1.0,6:-0.809017,7:-0.309017,8:0.309017,9:0.809017,10:0.587785,11:0.951057,12:0.951057,13:0.587785,14:-0.00000000000000569646,15:-0.587785,16:-0.951057,17:-0.951057,18:-0.587785,19:0.0791545,20:0.649978,21:0.972533,22:0.923612,23:0.521904,24:-0.0791545,25:-0.649978,26:-0.972533,27:-0.923612,28:-0.521904,29:-0.996862,30:-0.759953,31:-0.232767,32:0.383328,33:0.853004,34:0.996862,35:0.759953,36:0.232767,37:-0.383328,38:-0.853004}
PAR={1:0.33}
